codes
HYPAMZB2749C6S37AML
HYPAMZB2749C5ZHS8AC
HYPAMZB2749CKT7IDF1
HYPAMZB2749CDWFBW78
HYPAMZB2749CABH6MZ8
HYPAMZB2749CN63TRGG
HYPAMZB2749CFE2IISK
HYPAMZB2749CRYCK772
HYPAMZB2749CYXBX1ZA
HYPAMZB2749C16V5PWF
HYPAMZB2749CQ40VHTF
HYPAMZB2749CL8VKFSC
HYPAMZB2749CUMYRGSV
HYPAMZB2749CFM73YXN
HYPAMZB2749C8LB25XX
HYPAMZB2749CK3TXQFU
HYPAMZB2749C7U9Q8A3
HYPAMZB2749C0WGMKAI
HYPAMZB2749CV4BK7FG
HYPAMZB2749CK6CZ8GJ
HYPAMZB2749CIKWIMEB
HYPAMZB2749C1DQ7MVM
HYPAMZB2749CM8RSW3U
HYPAMZB2749CEKJBZC6
HYPAMZB2749CLZ46NYI
HYPAMZB2749C1TIZBMX
HYPAMZB2749CRHKIKMS
HYPAMZB2749CI0Q4IE6
HYPAMZB2749C8VZ3G3E
HYPAMZB2749CTXFOOI5
HYPAMZB2749CIF13YUC
HYPAMZB2749CAD8YK6Y
HYPAMZB2749CRI6I4EH
HYPAMZB2749C2YKN5F6
HYPAMZB2749CBMNZ1TA
HYPAMZB2749C7J14R2C
HYPAMZB2749CMIM4GAC
HYPAMZB2749CMJ254BU
HYPAMZB2749CJS3514C
HYPAMZB2749CDJCG4SZ
HYPAMZB2749CC7WME3N
HYPAMZB2749CWCO6ZJD
HYPAMZB2749CMCHGLZD
HYPAMZB2749CRWFLZEH
HYPAMZB2749CUUV1LM1
HYPAMZB2749C7ZHF3ES
HYPAMZB2749C2BFT92S
HYPAMZB2749CIQSNERQ
HYPAMZB2749CT95ZPS7
HYPAMZB2749CSNKIE1P
HYPAMZB2749C0AFCQM1
HYPAMZB2749CEFAMVIN
HYPAMZB2749CLNFZ516
HYPAMZB2749CGUT0JJA
HYPAMZB2749CEHDICCD
HYPAMZB2749C4RGJ5WJ
HYPAMZB2749CIYKO0VH
HYPAMZB2749CC3UXG58
HYPAMZB2749CUNC5JEO
HYPAMZB2749CBSJ2B4Y
HYPAMZB2749COSUB8HG
HYPAMZB2749CXUSBK1I
HYPAMZB2749CNB1L7V7
HYPAMZB2749CILWCFDU
HYPAMZB2749CM3N6WYH
HYPAMZB2749C05XBYIX
HYPAMZB2749C5ZK4PK4
HYPAMZB2749CTLA2Q58
HYPAMZB2749C3G5QKH9
HYPAMZB2749C3P3XKM8
HYPAMZB2749CSYL8UHV
HYPAMZB2749CUQIJZHL
HYPAMZB2749CJVML1GD
HYPAMZB2749C7D6RD1V
HYPAMZB2749CIBGLM1X
HYPAMZB2749CGTOKS3M
HYPAMZB2749CVUOU6UP
HYPAMZB2749CMLGNQZ2
HYPAMZB2749CUDFL14T
HYPAMZB2749CYZK8RR0
HYPAMZB2749CCYFGQPL
HYPAMZB2749CVLV504F
HYPAMZB2749CMPCL0O0
HYPAMZB2749C1BGO5QN
HYPAMZB2749CHPN2G79
HYPAMZB2749CPX0IQP0
HYPAMZB2749CTL6R6NO
HYPAMZB2749C2NMC0NC
HYPAMZB2749C05IZGR8
HYPAMZB2749CEIZIXQ4
HYPAMZB2749CKHDKTZO
HYPAMZB2749CSJ85JV2
HYPAMZB2749CPDRM55F
HYPAMZB2749CMQ1HMT1
HYPAMZB2749C72EGY07
HYPAMZB2749CJ1CT02T
HYPAMZB2749CDYA0LM2
HYPAMZB2749CL9ZOOPM
HYPAMZB2749CD3OKD4R
HYPAMZB2749CDQ0U929
HYPAMZB2749CU4GYDGA
HYPAMZB2749COKDOUL1
HYPAMZB2749C19DXZBU
HYPAMZB2749C2JM6QPJ
HYPAMZB2749CNY7CM48
HYPAMZB2749CNPIABA1
HYPAMZB2749CBBOPFTZ
HYPAMZB2749C5OXA1PT
HYPAMZB2749CKMFYCE7
HYPAMZB2749CQH8IFM5
HYPAMZB2749C4781V8R
HYPAMZB2749CD8GPQOW
HYPAMZB2749CGJ740Y3
HYPAMZB2749CS06DKA3
HYPAMZB2749CCOWPOIN
HYPAMZB2749CL3V3QES
HYPAMZB2749CRFBV2O7
HYPAMZB2749C1N36J5D
HYPAMZB2749CCNUKFOO
HYPAMZB2749C96A1DIQ
HYPAMZB2749C6F6BXL8
HYPAMZB2749CGE3501Q
HYPAMZB2749CT5DHN2B
HYPAMZB2749C9JAIZZY
HYPAMZB2749CXTBKAFZ
HYPAMZB2749CNGY2ORY
HYPAMZB2749C4UGU5QQ
HYPAMZB2749C2YNS9UQ
HYPAMZB2749CTUORG2N
HYPAMZB2749C734PCWR
HYPAMZB2749CDBXA7VN
HYPAMZB2749CB42ZD24
HYPAMZB2749CTCUM41I
HYPAMZB2749CSLTPW93
HYPAMZB2749CHVGBXM9
HYPAMZB2749COO5IJ5G
HYPAMZB2749CWYJW4WM
HYPAMZB2749CI6KXK9W
HYPAMZB2749CT21I2TM
HYPAMZB2749CGTR69MA
HYPAMZB2749C8B2YV5P
HYPAMZB2749CKXFZILC
HYPAMZB2749CP8HTFX7
HYPAMZB2749CXCYDUM1
HYPAMZB2749COTPL9VF
HYPAMZB2749CU6YTTVI
HYPAMZB2749CEXYLQ4C
HYPAMZB2749CLNUMZ1R
HYPAMZB2749C8IY9OZ7
HYPAMZB2749CCJ5N9G2
HYPAMZB2749C0ALTA16
HYPAMZB2749CAFUT7OE
HYPAMZB2749CVIB18LS
HYPAMZB2749CNJRGJHZ
HYPAMZB2749C1WRYP7F
HYPAMZB2749C2WLJ2XN
HYPAMZB2749CUAUZI42
HYPAMZB2749CO1FSG94
HYPAMZB2749CHV085RR
HYPAMZB2749CZQYYGJC
HYPAMZB2749CCWNCM9R
HYPAMZB2749CZWP9AOV
HYPAMZB2749C3ASRBLZ
HYPAMZB2749CCD756RA
HYPAMZB2749C9UF8HRH
HYPAMZB2749CA5OP5UF
HYPAMZB2749CCCKPFXV
HYPAMZB2749CZ1K7R4Z
HYPAMZB2749C8ZUJIP6
HYPAMZB2749CVNOOXN4
HYPAMZB2749CXYDFQPZ
HYPAMZB2749CM41ZJX6
HYPAMZB2749CZU953TF
HYPAMZB2749CEDS5CEM
HYPAMZB2749C16BC2BS
HYPAMZB2749CLN6EJ1U
HYPAMZB2749COU8TVZK
HYPAMZB2749CCS1OHRC
HYPAMZB2749CF5G7I2T
HYPAMZB2749C54YTGI6
HYPAMZB2749CC4RYQY4
HYPAMZB2749CTVLKTNF
HYPAMZB2749C0C56DQ6
HYPAMZB2749COJHEIMV
HYPAMZB2749CZ1T9LYR
HYPAMZB2749CT7HFONS
HYPAMZB2749CROTEYM1
HYPAMZB2749CUM2VOUI
HYPAMZB2749CFE6EGOI
HYPAMZB2749C3XRBUAF
HYPAMZB2749CMSQ8H2J
HYPAMZB2749CT0OWNZ8
HYPAMZB2749CBZSHRJG
HYPAMZB2749CGCCIUIA
HYPAMZB2749CQCDZLNF
HYPAMZB2749C0FD3F1P
HYPAMZB2749C2A1LC3I
HYPAMZB2749CWN1NMBQ
HYPAMZB2749CL6ECJ61
HYPAMZB2749CQ7D1V8Y
HYPAMZB2749CCZ0PKQA
HYPAMZB2749C66N05CT
HYPAMZB2749CD6O9P9G
HYPAMZB2749CRV7MEIU
HYPAMZB2749CJHY1OWS
HYPAMZB2749CCN64TC7
HYPAMZB2749C0TOVN04
HYPAMZB2749C5GYVXWR
HYPAMZB2749CPZUGTMZ
HYPAMZB2749C1MROS5O
HYPAMZB2749C2TROOLP
HYPAMZB2749C0KQRSM2
HYPAMZB2749C2L7MGP6
HYPAMZB2749CN77SIJH
HYPAMZB2749CE55FG0F
HYPAMZB2749C2RF28WT
HYPAMZB2749C674BZBE
HYPAMZB2749C35DTBJO
HYPAMZB2749CX911QH9
HYPAMZB2749CDG1QZHG
HYPAMZB2749CTA8ZMB0
HYPAMZB2749CMD8YD50
HYPAMZB2749CZ86P4OJ
HYPAMZB2749C934CYN3
HYPAMZB2749C4BSEQM0
HYPAMZB2749CJDMYRT1
HYPAMZB2749CBJI848Z
HYPAMZB2749CO2RAWE6
HYPAMZB2749CP2ZNDPU
HYPAMZB2749CABWCUP1
HYPAMZB2749CX488FT7
HYPAMZB2749CQR72WJS
HYPAMZB2749CLCBK2NX
HYPAMZB2749CUOAT3ZT
HYPAMZB2749CKRIVCFD
HYPAMZB2749C7PVRQL7
HYPAMZB2749C7G0AVH6
HYPAMZB2749CX6UKF77
HYPAMZB2749CQQRGGT6
HYPAMZB2749CERFH3JZ
HYPAMZB2749CNCW7AKG
HYPAMZB2749CUBJNV2I
HYPAMZB2749C35GA7JB
HYPAMZB2749CK76CXR0
HYPAMZB2749CYMC34KT
HYPAMZB2749C68KT551
HYPAMZB2749C945LZZU
HYPAMZB2749C22NWRRM
HYPAMZB2749CH1SIEYP
HYPAMZB2749C1B8GE39
HYPAMZB2749CYVN892M
HYPAMZB2749CNJEK4PI
HYPAMZB2749C2NITNMJ
HYPAMZB2749CPLR21QN
HYPAMZB2749CD5DXXBJ
HYPAMZB2749CRXT7BW8
HYPAMZB2749CXJHM67T
HYPAMZB2749CHVIHFAK
HYPAMZB2749C4MBUW6G
HYPAMZB2749CS6IY7GJ
HYPAMZB2749CL8QJPCX
HYPAMZB2749C1BYQ3ZD
HYPAMZB2749C5OT3Z1O
HYPAMZB2749CIVD41PJ
HYPAMZB2749CBRAVAFW
HYPAMZB2749CYW7GO4A
HYPAMZB2749CC2EYSW0
HYPAMZB2749C6RWC89F
HYPAMZB2749C21V6FW3
HYPAMZB2749C8GS4R8H
HYPAMZB2749CDVWVX90
HYPAMZB2749C4SNOK6V
HYPAMZB2749C29OMMXN
HYPAMZB2749CKWNOK0Q
HYPAMZB2749CFBPBE7C
HYPAMZB2749C317OJRT
HYPAMZB2749CU7VK10P
HYPAMZB2749C7OE8PTX
HYPAMZB2749CSTSMHL5
HYPAMZB2749CMKDXHRY
HYPAMZB2749CX03WVY1
HYPAMZB2749CNURODAH
HYPAMZB2749CN0R3CZG
HYPAMZB2749CPXVXDMN
HYPAMZB2749CXLCU1GD
HYPAMZB2749CE7EIRFR
HYPAMZB2749CMTPUGUS
HYPAMZB2749COWIFUVL
HYPAMZB2749CEH4JX6L
HYPAMZB2749CSB3OWJ8
HYPAMZB2749C1WZ95EQ
HYPAMZB2749C6UXGL5D
HYPAMZB2749C1FB5ZWM
HYPAMZB2749C7R73765
HYPAMZB2749CWZGT9SD
HYPAMZB2749CI6HECYL
HYPAMZB2749CZ91SU2J
HYPAMZB2749CL1P5SD6
HYPAMZB2749C931RZOV
HYPAMZB2749CY1XY26A
HYPAMZB2749CF960A48
HYPAMZB2749CHT0ULAM
HYPAMZB2749C43C6LLH
HYPAMZB2749CM8FWE8S
HYPAMZB2749C2WPPI89
HYPAMZB2749C3AU57ZN
HYPAMZB2749CEOMZU8G
HYPAMZB2749CH787MO7
HYPAMZB2749CNLVFIEV
HYPAMZB2749C9RQA79T
HYPAMZB2749CFUS2UGW
HYPAMZB2749CLE5YC7Q
HYPAMZB2749CC04OBIG
HYPAMZB2749C4PKA4LK
HYPAMZB2749C1198F62
HYPAMZB2749C01YZM07
HYPAMZB2749C97F4XW8
HYPAMZB2749C68D6FH2
HYPAMZB2749CKTG7FI1
HYPAMZB2749CEQCPYJV
HYPAMZB2749CNTLTDKY
HYPAMZB2749CWMU9GXW
HYPAMZB2749CAUBORKA
HYPAMZB2749C41XIYK9
HYPAMZB2749CEX0G4C7
HYPAMZB2749C3FVETYQ
HYPAMZB2749C93BP0O4
HYPAMZB2749CGF5TJ73
HYPAMZB2749C1O4XLTJ
HYPAMZB2749C8WXI6ON
HYPAMZB2749C2DKDBT5
HYPAMZB2749C4O6VY8K
HYPAMZB2749CHAJEE6G
HYPAMZB2749C7BMY9LL
HYPAMZB2749CVSZWOLC
HYPAMZB2749CXYLHQUK
HYPAMZB2749C079ER1S
HYPAMZB2749C321JS25
HYPAMZB2749CJR7TBEN
HYPAMZB2749COTJS0Z0
HYPAMZB2749CZ2SRYTH
HYPAMZB2749CNQG8AJ4
HYPAMZB2749CLLXJSCH
HYPAMZB2749CQ8LN1FV
HYPAMZB2749CCH06HUG
HYPAMZB2749CF8OC0RS
HYPAMZB2749CPVMDW0M
HYPAMZB2749C3VQHL5C
HYPAMZB2749CE7KGALO
HYPAMZB2749CYOIU95X
HYPAMZB2749C5OCE2OO
HYPAMZB2749CDL5TY62
HYPAMZB2749C1WYL4OT
HYPAMZB2749CLPSVMJK
HYPAMZB2749CMJXFSTE
HYPAMZB2749CV3L6RBU
HYPAMZB2749CP3VK2K3
HYPAMZB2749CMF4N5TZ
HYPAMZB2749CS531JBV
HYPAMZB2749CI5DGQB0
HYPAMZB2749CP14FX3D
HYPAMZB2749C6WGMTT1
HYPAMZB2749CHF7ZX4N
HYPAMZB2749C07S6K92
HYPAMZB2749COUREXWA
HYPAMZB2749CRGZ0BHF
HYPAMZB2749CKISROAU
HYPAMZB2749CBQ5LD63
HYPAMZB2749C5Q0ITIE
HYPAMZB2749CZ633IP8
HYPAMZB2749CPRPOSWC
HYPAMZB2749CKBB1IQT
HYPAMZB2749CSKJJ7DK
HYPAMZB2749CQDLHNFZ
HYPAMZB2749C53MI2YS
HYPAMZB2749CVWDBJJU
HYPAMZB2749CCW396A7
HYPAMZB2749C8Q2Y7AO
HYPAMZB2749CRFVNJRL
HYPAMZB2749C1XXDBRE
HYPAMZB2749CK0ULM6A
HYPAMZB2749C85W2WLE
HYPAMZB2749CXT3BS4A
HYPAMZB2749CJF1ZRM7
HYPAMZB2749CBKNGX7L
HYPAMZB2749CHCS8Y5U
HYPAMZB2749C6ZJTMRS
HYPAMZB2749CAE0APS8
HYPAMZB2749C59TA1FR
HYPAMZB2749C713P9H3
HYPAMZB2749CYOP8WFO
HYPAMZB2749CWC6JKIT
HYPAMZB2749C615LGOF
HYPAMZB2749CF9HDE0B
HYPAMZB2749CA0X14O6
HYPAMZB2749CA9JO40L
HYPAMZB2749C3V125YK
HYPAMZB2749CBYO8M3G
HYPAMZB2749CEUWTNE6
HYPAMZB2749CKVMNJXT
HYPAMZB2749CGCQYK18
HYPAMZB2749CHUSVQUU
HYPAMZB2749CPX4DXPF
HYPAMZB2749CTOE0VTO
HYPAMZB2749CBCK747E
HYPAMZB2749C7WEFWFB
HYPAMZB2749CU6UBFKM
HYPAMZB2749CX939IK7
HYPAMZB2749C0LA6K5T
HYPAMZB2749CR66YSQK
HYPAMZB2749COJFBYVG
HYPAMZB2749CJ6EL4NQ
HYPAMZB2749CCY5L3F8
HYPAMZB2749CNITCXLD
HYPAMZB2749C6WN8DRP
HYPAMZB2749C7JFSGOA
HYPAMZB2749CCFYDLJS
HYPAMZB2749CIJDNFL0
HYPAMZB2749CDZMC2YF
HYPAMZB2749CT5ZHS3B
HYPAMZB2749CKTCTNND
HYPAMZB2749C2FI3VRY
HYPAMZB2749CB2IZIDK
HYPAMZB2749CRP5NW0T
HYPAMZB2749CO2QG9EB
HYPAMZB2749C3Z0YG5B
HYPAMZB2749C0D6GVI0
HYPAMZB2749CNQIU88O
HYPAMZB2749CTFKZKSE
HYPAMZB2749CLYOB4V3
HYPAMZB2749C7PE450G
HYPAMZB2749CDXDMMAD
HYPAMZB2749CASNBDGD
HYPAMZB2749C2K0RXI7
HYPAMZB2749C7XVZ64I
HYPAMZB2749CT1IDK3Z
HYPAMZB2749CZY4KPEB
HYPAMZB2749CXEP81XY
HYPAMZB2749CVFRKC4V
HYPAMZB2749C4N0C3D4
HYPAMZB2749CFFLLGN4
HYPAMZB2749CSI2C2R8
HYPAMZB2749C50C2WOI
HYPAMZB2749CXMTYYJZ
HYPAMZB2749C1P9ZLX6
HYPAMZB2749C4EKT1SY
HYPAMZB2749CHG0BPZE
HYPAMZB2749CBRDZO2F
HYPAMZB2749CEI5YZEP
HYPAMZB2749C1PIMS1E
HYPAMZB2749C2I41D2A
HYPAMZB2749CAISOJXF
HYPAMZB2749CTPVKIW2
HYPAMZB2749C4DI8X8M
HYPAMZB2749CJVIOPKR
HYPAMZB2749CI4IL594
HYPAMZB2749CCSL2EHH
HYPAMZB2749C8D4EKPW
HYPAMZB2749CAXNEBM1
HYPAMZB2749CAJ9WYKX
HYPAMZB2749CE3V903R
HYPAMZB2749C3BQ3GEM
HYPAMZB2749CUQUDG3G
HYPAMZB2749CH13H7D8
HYPAMZB2749CWOYFB2X
HYPAMZB2749CL6WX7P4
HYPAMZB2749CQAZRDJE
HYPAMZB2749CDQWBKRQ
HYPAMZB2749CN6A2PYM
HYPAMZB2749CH7WZ5PM
HYPAMZB2749C52AEZR4
HYPAMZB2749CNER853W
HYPAMZB2749C1IO2HFD
HYPAMZB2749CWGOG553
HYPAMZB2749C0IDCIYF
HYPAMZB2749CIFB57C2
HYPAMZB2749CRU4FALD
HYPAMZB2749CRDE57RY
HYPAMZB2749CHDA0MQW
HYPAMZB2749CB7RZLSJ
HYPAMZB2749CFM7JJ7F
HYPAMZB2749C9S7XS5X
HYPAMZB2749C6GNP9T1
HYPAMZB2749C9I5OWEB
HYPAMZB2749CJSCMNDZ
HYPAMZB2749C4FEVLA0
HYPAMZB2749CNKN278I
HYPAMZB2749CU7V5YMQ
HYPAMZB2749CKQFMDXH
HYPAMZB2749CC1SXIM5
HYPAMZB2749CVPTOYEX
HYPAMZB2749C4M5H2T4
HYPAMZB2749C8I4TESY
HYPAMZB2749CJC4EI7R
HYPAMZB2749CC46WIZG
HYPAMZB2749CSOWYXFU
HYPAMZB2749CKI2BU3M
HYPAMZB2749CVECGICE
HYPAMZB2749CUVKQENL
HYPAMZB2749C9U5EZHG
HYPAMZB2749CNUDFKQ8
HYPAMZB2749CO5YUCH6
HYPAMZB2749CNZPV8VD
HYPAMZB2749CL7POTRM
HYPAMZB2749COK1PD8T
HYPAMZB2749C3S7WYIA
HYPAMZB2749C2YU52HP
HYPAMZB2749C5POW8RS
HYPAMZB2749CPGHX96F
HYPAMZB2749CD7YHQ9J
HYPAMZB2749CYRDFPHO
HYPAMZB2749CX547Z92
HYPAMZB2749CNLUSNVM
HYPAMZB2749CWOZ1PSC
HYPAMZB2749C6ZA41V8
HYPAMZB2749C10UEVDH
HYPAMZB2749C6FO604T
HYPAMZB2749CL8578TZ
HYPAMZB2749CUJKF58H
HYPAMZB2749CTNQ5NGQ
HYPAMZB2749CZPU562K
HYPAMZB2749C8600YDS
HYPAMZB2749CX2FX1KF
HYPAMZB2749CT2SQO03
HYPAMZB2749CZDMIQCM
HYPAMZB2749C5A5XTJC
HYPAMZB2749CLPOP9SV
HYPAMZB2749CB2MZNFP
HYPAMZB2749C540EXXC
HYPAMZB2749CXXF361P
HYPAMZB2749CNR9RS0K
HYPAMZB2749COOFXRN2
HYPAMZB2749C9WVD7VD
HYPAMZB2749CJLLMN0D
HYPAMZB2749CCUA6IJ3
HYPAMZB2749CGM8GQB1
HYPAMZB2749C4QA82KM
HYPAMZB2749C4MNIV3A
HYPAMZB2749C79FH41V
HYPAMZB2749COK1HS0S
HYPAMZB2749CWK18P67
HYPAMZB2749CCD5L54N
HYPAMZB2749C9JK34T5
HYPAMZB2749CGSLX16D
HYPAMZB2749CEDYB0ZX
HYPAMZB2749CWJWXUHY
HYPAMZB2749C5SS6VB1
HYPAMZB2749CRGO770W
HYPAMZB2749CU1523AG
HYPAMZB2749CJV0OB5V
HYPAMZB2749CRDHQDBG
HYPAMZB2749CRQVLANJ
HYPAMZB2749CYSWWJ9C
HYPAMZB2749CBXTT6F5
HYPAMZB2749C315VB6E
HYPAMZB2749CMNJVCC6
HYPAMZB2749CODHNLP8
HYPAMZB2749CVOQX0ML
HYPAMZB2749CQ1MZPNF
HYPAMZB2749CUIIQ9P7
HYPAMZB2749CMDVV73H
HYPAMZB2749C154M68K
HYPAMZB2749CUE58XH4
HYPAMZB2749CTY2AU9P
HYPAMZB2749CP62EX6F
HYPAMZB2749C2WG5VTT
HYPAMZB2749C97EYCLI
HYPAMZB2749CJTAS3CU
HYPAMZB2749CAKEYUEW
HYPAMZB2749C178QJZS
HYPAMZB2749CKI228CL
HYPAMZB2749CCOPGWPI
HYPAMZB2749CNMD2UU4
HYPAMZB2749C5NOL7KG
HYPAMZB2749C1IDT61I
HYPAMZB2749C93DVANU
HYPAMZB2749CM9CA64P
HYPAMZB2749CQN4M8BO
HYPAMZB2749CZRUGMZH
HYPAMZB2749CQ46RDFA
HYPAMZB2749C6HDZMNX
HYPAMZB2749CLL99QS0
HYPAMZB2749C2XO2LHL
HYPAMZB2749CNVJLDK1
HYPAMZB2749CYPLFY2J
HYPAMZB2749CF8CZNBM
HYPAMZB2749CN0DFETW
HYPAMZB2749CDMVYIOB
HYPAMZB2749C7VIB8YK
HYPAMZB2749C6EWCXME
HYPAMZB2749C7KU23I9
HYPAMZB2749CP7FVJ2B
HYPAMZB2749C9JX268A
HYPAMZB2749CODE3R29
HYPAMZB2749CG9ISB7D
HYPAMZB2749CB1WK686
HYPAMZB2749C0BMC9A3
HYPAMZB2749C9M1M3BA
HYPAMZB2749C4F752IY
HYPAMZB2749C6V8XJ6B
HYPAMZB2749CQCJ485Q
HYPAMZB2749CB8XACPU
HYPAMZB2749CUIOTI5A
HYPAMZB2749C329PXIT
HYPAMZB2749CXTF41UI
HYPAMZB2749CZDPWKKB
HYPAMZB2749C0P3EZIP
HYPAMZB2749CUWQ7KD8
HYPAMZB2749C7DCUIN0
HYPAMZB2749C65TSEBU
HYPAMZB2749CVL3N5U2
HYPAMZB2749CFVUK6P5
HYPAMZB2749CGROAPBC
HYPAMZB2749CWDCR83Q
HYPAMZB2749C196HQY4
HYPAMZB2749CTUZDOSD
HYPAMZB2749CWW0UOP6
HYPAMZB2749CYPT7XTV
HYPAMZB2749CWR4KMFX
HYPAMZB2749C81QL5WP
HYPAMZB2749CDD30UAL
HYPAMZB2749CJUXSV4Y
HYPAMZB2749CL2GM4FY
HYPAMZB2749CF4EQRWC
HYPAMZB2749C8WYSN8L
HYPAMZB2749CSONMZN6
HYPAMZB2749CLTDP0AL
HYPAMZB2749CZUY7603
HYPAMZB2749C1QR7A14
HYPAMZB2749CYEO2F5S
HYPAMZB2749CHU68NMF
HYPAMZB2749CE1OR9VJ
HYPAMZB2749CAHZQVDR
HYPAMZB2749CZ63U2PZ
HYPAMZB2749CPEUQS8D
HYPAMZB2749CV4FDF05
HYPAMZB2749CG1JH5SU
HYPAMZB2749CCCB6P0U
HYPAMZB2749C8MPR8UT
HYPAMZB2749CTZ9KRND
HYPAMZB2749CASAG7JL
HYPAMZB2749C6466MIO
HYPAMZB2749CD4SRTCX
HYPAMZB2749CLN6KZVW
HYPAMZB2749CFGGOWGI
HYPAMZB2749CSEISK2X
HYPAMZB2749C3CQMXPB
HYPAMZB2749CSZQ3QUV
HYPAMZB2749C0Y6ROVY
HYPAMZB2749C707BZU7
HYPAMZB2749C8BUK241
HYPAMZB2749C9BS7V3Y
HYPAMZB2749CJ8DQ82O
HYPAMZB2749CLX98EOO
HYPAMZB2749C9S9F88O
HYPAMZB2749CG11ZQWJ
HYPAMZB2749CX63CV33
HYPAMZB2749C4K2MYXC
HYPAMZB2749CNNSGUA2
HYPAMZB2749CHMN0O5E
HYPAMZB2749CE5A2HBM
HYPAMZB2749CP1SUTVS
HYPAMZB2749CY6UJRPR
HYPAMZB2749CAWAN25E
HYPAMZB2749C2HMOUC4
HYPAMZB2749C60QU7RF
HYPAMZB2749CBRITNDR
HYPAMZB2749CLGJKYDV
HYPAMZB2749CXD505XF
HYPAMZB2749CV3YVEF0
HYPAMZB2749C3S8IH0Z
HYPAMZB2749C2N3Y5I5
HYPAMZB2749C2VWBEI5
HYPAMZB2749CT0YAECQ
HYPAMZB2749CH8O7XXQ
HYPAMZB2749CP2HMFOE
HYPAMZB2749CYFYZUD5
HYPAMZB2749CSFIF8QR
HYPAMZB2749CYKYC923
HYPAMZB2749CE07V8X5
HYPAMZB2749CADNEM5O
HYPAMZB2749C139PCD4
HYPAMZB2749C8X2YBME
HYPAMZB2749CSZV56GV
HYPAMZB2749CJ7ST1DJ
HYPAMZB2749CGNZU22D
HYPAMZB2749C62ZFRBE
HYPAMZB2749CQ9L2LCX
HYPAMZB2749CA19QJEG
HYPAMZB2749CNV2F3EA
HYPAMZB2749CPRFVU7Y
HYPAMZB2749C534BGS7
HYPAMZB2749C10KYFU3
HYPAMZB2749C2CEN4TA
HYPAMZB2749CWYRIPTM
HYPAMZB2749CF6C6MFF
HYPAMZB2749COJM3IZ3
HYPAMZB2749CW1O12GN
HYPAMZB2749CHWZV0CV
HYPAMZB2749CS6Q3JEQ
HYPAMZB2749CRY7NPN7
HYPAMZB2749CVDB7MOS
HYPAMZB2749CGGPL67H
HYPAMZB2749C92GJQ1Z
HYPAMZB2749CPDUD8TX
HYPAMZB2749CM2UEARI
HYPAMZB2749CI7F7DHZ
HYPAMZB2749C6J60WNG
HYPAMZB2749CZLZQ3R9
HYPAMZB2749C9KIOMLU
HYPAMZB2749C6311NHS
HYPAMZB2749C6UAQ5GK
HYPAMZB2749CNC44ROQ
HYPAMZB2749CLNU883Q
HYPAMZB2749CDGTD9WB
HYPAMZB2749CGSZQ4HP
HYPAMZB2749CNNNA6XS
HYPAMZB2749CBYR5U6A
HYPAMZB2749CTYMWXEC
HYPAMZB2749CFUPIJU0
HYPAMZB2749CV42KHT9
HYPAMZB2749CST1XV7O
HYPAMZB2749CDIHV122
HYPAMZB2749C8VNB1GL
HYPAMZB2749CXKE1N0P
HYPAMZB2749C2ZEGBA3
HYPAMZB2749C5J3FPDF
HYPAMZB2749CBONFBAQ
HYPAMZB2749CZRV4HXK
HYPAMZB2749C7OZXHIB
HYPAMZB2749C2TAWJDT
HYPAMZB2749C7FMLOCO
HYPAMZB2749CRUOW82S
HYPAMZB2749CTQVERSR
HYPAMZB2749CVG8QO64
HYPAMZB2749C101P7WU
HYPAMZB2749CU2ELZU5
HYPAMZB2749CI7R6RSX
HYPAMZB2749CRJRCOOO
HYPAMZB2749CBF5W4YU
HYPAMZB2749CVRVM1NQ
HYPAMZB2749CVL4K0D9
HYPAMZB2749C08WMZ4B
HYPAMZB2749CZWF7IOO
HYPAMZB2749CEUJ2S4W
HYPAMZB2749C0DFN64S
HYPAMZB2749CKQLWHRS
HYPAMZB2749C0T77FMG
HYPAMZB2749C8519KA6
HYPAMZB2749C6SJHLYU
HYPAMZB2749CNOIMA98
HYPAMZB2749CF6O6L0W
HYPAMZB2749CH886UL8
HYPAMZB2749C10MWROH
HYPAMZB2749CP33APL9
HYPAMZB2749CJEZESZL
HYPAMZB2749CFKWB109
HYPAMZB2749CR6A336P
HYPAMZB2749C9YL7FM2
HYPAMZB2749CYMMTDTZ
HYPAMZB2749CWAMGCEN
HYPAMZB2749C8F4JXIV
HYPAMZB2749CW796657
HYPAMZB2749CL9EKYZA
HYPAMZB2749CA5DD9ET
HYPAMZB2749CU1I8YHM
HYPAMZB2749COP137B9
HYPAMZB2749CDC7ZCPU
HYPAMZB2749C63H1CWE
HYPAMZB2749CBIS8NBJ
HYPAMZB2749C9AZ891L
HYPAMZB2749CAEG0HP6
HYPAMZB2749CIRO6A50
HYPAMZB2749C1L67S23
HYPAMZB2749CCTD8BWM
HYPAMZB2749CTZ36L7Q
HYPAMZB2749CBS0A77U
HYPAMZB2749CW5CACJY
HYPAMZB2749C6GCUH6K
HYPAMZB2749CLW1MAGT
HYPAMZB2749C0FZJGGE
HYPAMZB2749CYGBMSA7
HYPAMZB2749CHS8SNIY
HYPAMZB2749CRO8R2QN
HYPAMZB2749CV489ZBF
HYPAMZB2749CPCBE2Q4
HYPAMZB2749CX2GCBK4
HYPAMZB2749C6IH2IV9
HYPAMZB2749CNQVC3K0
HYPAMZB2749C2GUJI80
HYPAMZB2749CLGLYAWG
HYPAMZB2749C1B6PYX0
HYPAMZB2749CM43DZWU
HYPAMZB2749CBG7HVIZ
HYPAMZB2749CFKLSZOC
HYPAMZB2749C50580FK
HYPAMZB2749CF0NE3IY
HYPAMZB2749C0QFVDZ2
HYPAMZB2749CY2Y046H
HYPAMZB2749C643A951
HYPAMZB2749CSUJSE11
HYPAMZB2749CFAPT7RP
HYPAMZB2749CR6OSUDO
HYPAMZB2749C4691RWI
HYPAMZB2749CSX2LZHA
HYPAMZB2749C1CPN9G9
HYPAMZB2749C9LX0IRO
HYPAMZB2749CEUPLRVY
HYPAMZB2749C2ME6IF7
HYPAMZB2749CHW61106
HYPAMZB2749C4W8M9CH
HYPAMZB2749C2J1DQXQ
HYPAMZB2749C68771XS
HYPAMZB2749C6Z8SWXG
HYPAMZB2749C74LMIXO
HYPAMZB2749CC3OEYK9
HYPAMZB2749C18KZTRI
HYPAMZB2749CM31Y1KP
HYPAMZB2749CE8FOPDE
HYPAMZB2749CEIXSZ0U
HYPAMZB2749CK18KACT
HYPAMZB2749CFO2OY9O
HYPAMZB2749CZKMUNRW
HYPAMZB2749CFWEUUKS
HYPAMZB2749CN88W57E
HYPAMZB2749CE5U66LA
HYPAMZB2749C1LR72X7
HYPAMZB2749C9I2Q06S
HYPAMZB2749CD6K3XFE
HYPAMZB2749C7SB9BL2
HYPAMZB2749CNPFJDHL
HYPAMZB2749CBDLN22Y
HYPAMZB2749CHAJBD8F
HYPAMZB2749C67TQXVB
HYPAMZB2749C2YRLMEV
HYPAMZB2749C7FYFZFG
HYPAMZB2749CPYQJECW
HYPAMZB2749C7EZZ2BE
HYPAMZB2749C11E1VTF
HYPAMZB2749CQQKJCS8
HYPAMZB2749C8D67U7Y
HYPAMZB2749CK6K3TM8
HYPAMZB2749CUQS7I2T
HYPAMZB2749CEETBYE6
HYPAMZB2749CH5IK4WY
HYPAMZB2749CKIITAF0
HYPAMZB2749C7E9KGXZ
HYPAMZB2749CETWRVED
HYPAMZB2749CSMU92M4
HYPAMZB2749CJSKHMOX
HYPAMZB2749C7T63REM
HYPAMZB2749CPCMCLXK
HYPAMZB2749CUDW08BV
HYPAMZB2749CEDINHHQ
HYPAMZB2749CP96UIHI
HYPAMZB2749C9Z2LYS7
HYPAMZB2749C4HV0QK6
HYPAMZB2749C36UG0TY
HYPAMZB2749C1OL7BOC
HYPAMZB2749CYX9G0KL
HYPAMZB2749CB20X7CO
HYPAMZB2749CIINGFAL
HYPAMZB2749C98Q8R1R
HYPAMZB2749CE9L9QAP
HYPAMZB2749CXMDWVHW
HYPAMZB2749CK6Z3TPT
HYPAMZB2749C0U3DJWE
HYPAMZB2749CIWRA231
HYPAMZB2749C94T9OT0
HYPAMZB2749C179SHFF
HYPAMZB2749CAVT4G4T
HYPAMZB2749CVQ9TYOH
HYPAMZB2749CNR1MSY4
HYPAMZB2749COHTVHA3
HYPAMZB2749CV8MHFTD
HYPAMZB2749CR10ULL2
HYPAMZB2749CS4NE9M0
HYPAMZB2749CC5F3ILX
HYPAMZB2749C3M96J5I
HYPAMZB2749C1GC9FPL
HYPAMZB2749CYD6RZ7J
HYPAMZB2749C68X20DZ
HYPAMZB2749CAD0XOKX
HYPAMZB2749CBQC9T2F
HYPAMZB2749C53MI3KT
HYPAMZB2749CVK3GOU9
HYPAMZB2749C8UV32CD
HYPAMZB2749C1KEHA8L
HYPAMZB2749CYSXZ2MT
HYPAMZB2749C2RQ6L9Y
HYPAMZB2749CPKJZAW7
HYPAMZB2749CMP1N9JY
HYPAMZB2749CTRYAGHH
HYPAMZB2749CDZFRW13
HYPAMZB2749C5RKMN1Z
HYPAMZB2749CPE4MN7T
HYPAMZB2749CZYMMDN0
HYPAMZB2749CF01AZH1
HYPAMZB2749C61PKHWK
HYPAMZB2749CP0S1QOT
HYPAMZB2749CG1QKLNW
HYPAMZB2749CKKECLJK
HYPAMZB2749C9T9KP1O
HYPAMZB2749C7BXEJAP
HYPAMZB2749CCV6UOTS
HYPAMZB2749C6PYG3H3
HYPAMZB2749CMEW03US
HYPAMZB2749C8V9R8EF
HYPAMZB2749CU2DSCKQ
HYPAMZB2749C2F71J9V
HYPAMZB2749C0B9JGHW
HYPAMZB2749C1EX0C3G
HYPAMZB2749CPEP6XIV
HYPAMZB2749CSLFKCT1
HYPAMZB2749CKXRRKPF
HYPAMZB2749CJYBJD0Z
HYPAMZB2749CT4GFAFS
HYPAMZB2749COWSUA7M
HYPAMZB2749CST5I3CM
HYPAMZB2749C8VPPL4W
HYPAMZB2749C54LN2L4
HYPAMZB2749C8OT29Y3
HYPAMZB2749CGBIVGIJ
HYPAMZB2749CMSR0QHE
HYPAMZB2749C1PBX82G
HYPAMZB2749CC1XN89U
HYPAMZB2749CCUX086O
HYPAMZB2749CB5ID7X5
HYPAMZB2749CCLAYKTE
HYPAMZB2749CNHS7T0S
HYPAMZB2749CM767L69
HYPAMZB2749CII8C58Q
HYPAMZB2749CMIVD3ZN
HYPAMZB2749C41QAS5Z
HYPAMZB2749CBB5QRPL
HYPAMZB2749CZDUZ7DJ
HYPAMZB2749CP8E5MU1
HYPAMZB2749C2UMO9CM
HYPAMZB2749C2J4508X
HYPAMZB2749CJ7PM7S0
HYPAMZB2749C9ELJHZJ
HYPAMZB2749C5EI7Y1U
HYPAMZB2749CG3LDWLX
HYPAMZB2749CD2N4L25
HYPAMZB2749C6B5079H
HYPAMZB2749CYRYFLZG
HYPAMZB2749CN10HJG8
HYPAMZB2749CL6AAQTZ
HYPAMZB2749CV2C2AO9
HYPAMZB2749CWP7QDLB
HYPAMZB2749CDUU0SQS
HYPAMZB2749C80AUKTR
HYPAMZB2749CXVYZW02
HYPAMZB2749CU0GTPD1
HYPAMZB2749CGYJTLG9
HYPAMZB2749CTKVE176
HYPAMZB2749C4FZ0GNO
HYPAMZB2749CC4RC3Y2
HYPAMZB2749C8UU38XE
HYPAMZB2749CWX3BD0B
HYPAMZB2749CRPHIJZH
HYPAMZB2749CSINVJ0A
HYPAMZB2749CTTJCZGO
HYPAMZB2749CFUAQF4S
HYPAMZB2749CYVMFB3N
HYPAMZB2749CR66BHXA
HYPAMZB2749CT548I19
HYPAMZB2749C82FW95T
HYPAMZB2749CBPJQZHV
HYPAMZB2749CTU0HP86
HYPAMZB2749C1X85A4Z
HYPAMZB2749CF64O21Y
HYPAMZB2749CEOLB7JZ
HYPAMZB2749CD5Y9VXV
HYPAMZB2749C41VDY2H
HYPAMZB2749CTENHLNJ
HYPAMZB2749CI6Y3D7D
HYPAMZB2749CCO5RE1S
HYPAMZB2749CQ04BBSX
HYPAMZB2749CDVS7P3O
HYPAMZB2749CQBKF8CR
HYPAMZB2749CQGF4M0H
HYPAMZB2749C8E12KST
HYPAMZB2749CIO8UYU8
HYPAMZB2749C6SN2DVN
HYPAMZB2749C3RO4UVE
HYPAMZB2749C4XQPAG6
HYPAMZB2749CBDNWWFK
HYPAMZB2749C0RI0O1U
HYPAMZB2749CDKP8M49
HYPAMZB2749CVL0UGBS
HYPAMZB2749CUFTYUCH
HYPAMZB2749CY791IQL
HYPAMZB2749CI5CE3VV
HYPAMZB2749CTHAJN7F
HYPAMZB2749C7DHRWFT
HYPAMZB2749C9V0R44J
HYPAMZB2749CO3HRVPZ
HYPAMZB2749C036LJWV
HYPAMZB2749C6M574H8
